Our Results:
A: [[ 0.5  0.5  0.0  0.0]
 [ 0.0  0.5  0.5  0.0]
 [ 0.0  0.0  0.5  0.5]
 [ 0.5  0.0  0.0  0.5]]
B: [[ 0.56522225  0.30075944  0.067009158  0.067009158]
 [ 0.56522225  0.30075944  0.067009158  0.067009158]
 [ 0.56522225  0.30075944  0.067009158  0.067009158]
 [ 0.56522225  0.30075944  0.067009158  0.067009158]]
Pi: [ 0.25  0.25  0.25  0.25]

Guy's Results:
A: [[ 0.5  0.5  0.0  0.0]
 [ 0.0  0.5  0.5  0.0]
 [ 0.0  0.0  0.5  0.5]
 [ 0.5  0.0  0.0  0.5]]
B: [[ 0.56517368  0.30079303  0.067016642  0.067016642]
 [ 0.56517368  0.30079303  0.067016642  0.067016642]
 [ 0.56517368  0.30079303  0.067016642  0.067016642]
 [ 0.56517368  0.30079303  0.067016642  0.067016642]]
Pi: [ 0.25  0.25  0.25  0.25]

