Our Results:
A: [[ 0.76917029  0.23082971  0.0  0.0]
 [ 0.0  1.1780503e-26  1.0  0.0]
 [ 0.0  0.0  0.59473944  0.40526056]
 [ 1.0  0.0  0.0  7.834057e-10]]
B: [[ 1.0  8.4503809e-285  8.546502e-763  5.0839379e-218]
 [ 0.021362749  7.9170725e-189  0.97863725  4.7953131e-196]
 [ 1.3602206e-13  0.77491504  0.077065072  0.14801988]
 [ 0.19662437  2.3893554e-37  4.9626089e-64  0.80337563]]
Pi: [ 0.99999972  3.0931209e-255  1.269254e-119  2.7735231e-07]

Guy's Results:
A: [[ 0.76916941  0.23083059  0.0  0.0]
 [ 0.0  1.2583201e-26  1.0  0.0]
 [ 0.0  0.0  0.59474216  0.40525784]
 [ 1.0  0.0  0.0  8.2918231e-10]]
B: [[ 1.0  1.6842211e-1066  5.6575744e-762  6.588572e-273]
 [ 0.02136205  2.6358991e-188  0.97863795  1.725496e-195]
 [ 1.5101585e-13  0.77473476  0.077124215  0.14814103]
 [ 0.19664165  3.5607577e-65  1.0236882e-63  0.80335835]]
Pi: [ 0.9999997  2.8940974e-254  4.2542782e-119  2.9697975e-07]

Fancy Results:
A: [[  6.82773385e-01   2.35645178e-01   0.00000000e+00   0.00000000e+00]
 [  0.00000000e+00   0.00000000e+00   7.43725422e+01   0.00000000e+00]
 [  0.00000000e+00   0.00000000e+00   1.00000000e+00   2.59478980e-31]
 [  3.84319469e+00   0.00000000e+00   0.00000000e+00   0.00000000e+00]]
B: [[  1.00000000e+00   0.00000000e+00   0.00000000e+00   0.00000000e+00]
 [  1.42560988e-36   0.00000000e+00   1.00000000e+00   0.00000000e+00]
 [  5.17117116e-01   2.17350092e-01   1.32768293e-01   1.32764499e-01]
 [  2.83669744e-26   0.00000000e+00   0.00000000e+00   1.00000000e+00]]
